gibco brl,100
