rbk hockey,100
reebok,40
nhl,20
rbk edge,20
nike,20
rbk shoes,15
rbk custom,10
rbk goalie pads,10
rbk edge code,5
rbk lacrosse,5
rbk hockey sticks,5
hockey monkey,5
rbk edge socks,5
