in awe,100
in awe of,45
shock and awe,40
definition,25
awe definition,25
awe tuning,25
stand in awe,20
virgin mobile awe,20
virgin mobile,20
zte awe,20
awe inspiring,15
awe me,15
what is awe,10
awe meaning,10
define awe,10
blade of awe,10
aww,10
awe factor,10
aw,10
awe phone,10
awe exhaust,10
awesome,10
definition of awe,10
awe synonym,10
awe 2013,5
