dj khaled,100
dj download,95
dj virtual,75
dj music,65
how to dj,60
dj mix,45
dj song,40
dj songs,35
dj drama,30
wedding dj,30
dj software,30
dj mixer,25
american dj,20
dj equipment,20
online dj,15
dj city,15
serato dj,15
serato,15
dj paul,15
dj khalid,15
dj quik,15
dj set,15
pioneer dj,15
dj screw,15
dj full house,15
