pbgc,+250%
pbg airport,+150%
