vmw,Breakout
vmware ipo,Breakout
vmw stock,Breakout
rimm,Breakout
emc ns20,Breakout
crox,Breakout
cme,+2,500%
cvlt,+1,600%
aapl,+550%
emc stocks,+450%
emc world 2007,+400%
emc 2007,+400%
quote emc,+300%
emc stock quote,+250%
emc vmware,+200%
emc stock,+200%
emc stock price,+190%
vmware,+190%
siri,+150%
goog,+150%
csco,+120%
jackson emc ga,+100%
four county emc,+90%
emc jobs,+80%
emc insurance company,+80%
